time delta freq
 0.5  1  456   
 0.5  0    0   
 1.5  1  226   
 1.5  0   39
 2.5  1  152   
 2.5  0   22   
 3.5  1  171   
 3.5  0   23
 4.5  1  135   
 4.5  0   24   
 5.5  1  125   
 5.5  0  107
 6.5  1   83   
 6.5  0  133   
 7.5  1   74   
 7.5  0  102
 8.5  1   51   
 8.5  0   68   
 9.5  1   42   
 9.5  0   64
10.5  1   43  
10.5  0   45  
11.5  1   34  
11.5  0   53
12.5  1   18  
12.5  0   33  
13.5  1    9  
13.5  0   27
14.5  1    6  
14.5  0   23  
15.5  1    0  
15.5  0   30